8.000000000000000000e+00
1.000000000000000000e+01
2.400000000000000000e+01
4.200000000000000000e+01
4.400000000000000000e+01
4.500000000000000000e+01
7.700000000000000000e+01
9.700000000000000000e+01
1.420000000000000000e+02
1.450000000000000000e+02
1.690000000000000000e+02
1.740000000000000000e+02
1.860000000000000000e+02
1.980000000000000000e+02
2.090000000000000000e+02
2.100000000000000000e+02
2.290000000000000000e+02
2.400000000000000000e+02
2.450000000000000000e+02
2.520000000000000000e+02
2.620000000000000000e+02
2.640000000000000000e+02
2.870000000000000000e+02
2.960000000000000000e+02
3.040000000000000000e+02
3.220000000000000000e+02
3.330000000000000000e+02
3.390000000000000000e+02
3.620000000000000000e+02
3.690000000000000000e+02
3.700000000000000000e+02
3.720000000000000000e+02
3.790000000000000000e+02
3.900000000000000000e+02
4.060000000000000000e+02
4.130000000000000000e+02
4.160000000000000000e+02
4.490000000000000000e+02
4.620000000000000000e+02
4.700000000000000000e+02
4.940000000000000000e+02
5.110000000000000000e+02
5.270000000000000000e+02
5.360000000000000000e+02
5.460000000000000000e+02
5.510000000000000000e+02
5.640000000000000000e+02
5.700000000000000000e+02
5.760000000000000000e+02
5.770000000000000000e+02
5.880000000000000000e+02
5.970000000000000000e+02
5.990000000000000000e+02
6.080000000000000000e+02
6.130000000000000000e+02
6.350000000000000000e+02
6.360000000000000000e+02
6.630000000000000000e+02
6.640000000000000000e+02
6.660000000000000000e+02
6.720000000000000000e+02
6.800000000000000000e+02
6.940000000000000000e+02
7.470000000000000000e+02
8.140000000000000000e+02
8.170000000000000000e+02
8.300000000000000000e+02
8.320000000000000000e+02
8.640000000000000000e+02
8.800000000000000000e+02
9.070000000000000000e+02
9.190000000000000000e+02
9.400000000000000000e+02
9.440000000000000000e+02
9.700000000000000000e+02
9.780000000000000000e+02
9.800000000000000000e+02
9.890000000000000000e+02
1.022000000000000000e+03
1.030000000000000000e+03
1.032000000000000000e+03
1.108000000000000000e+03
1.111000000000000000e+03
1.112000000000000000e+03
1.115000000000000000e+03
1.117000000000000000e+03
1.121000000000000000e+03
1.143000000000000000e+03
1.151000000000000000e+03
1.184000000000000000e+03
1.188000000000000000e+03
1.224000000000000000e+03
1.229000000000000000e+03
1.289000000000000000e+03
1.292000000000000000e+03
1.296000000000000000e+03
1.298000000000000000e+03
1.299000000000000000e+03
1.307000000000000000e+03
1.313000000000000000e+03
