9.400000000000000000e+01
1.230000000000000000e+02
1.540000000000000000e+02
1.930000000000000000e+02
2.140000000000000000e+02
2.810000000000000000e+02
3.130000000000000000e+02
3.220000000000000000e+02
4.830000000000000000e+02
5.070000000000000000e+02
6.900000000000000000e+02
6.930000000000000000e+02
7.390000000000000000e+02
7.810000000000000000e+02
7.820000000000000000e+02
9.000000000000000000e+02
9.660000000000000000e+02
9.910000000000000000e+02
9.930000000000000000e+02
1.000000000000000000e+03
1.068000000000000000e+03
1.082000000000000000e+03
1.141000000000000000e+03
1.147000000000000000e+03
1.174000000000000000e+03
1.205000000000000000e+03
1.240000000000000000e+03
1.241000000000000000e+03
1.306000000000000000e+03
