1.000000000000000000e+00
2.800000000000000000e+01
4.900000000000000000e+01
5.000000000000000000e+01
5.900000000000000000e+01
6.400000000000000000e+01
6.600000000000000000e+01
6.700000000000000000e+01
8.900000000000000000e+01
9.000000000000000000e+01
1.140000000000000000e+02
1.330000000000000000e+02
1.410000000000000000e+02
1.530000000000000000e+02
1.780000000000000000e+02
1.790000000000000000e+02
1.800000000000000000e+02
1.930000000000000000e+02
2.410000000000000000e+02
2.420000000000000000e+02
2.430000000000000000e+02
2.610000000000000000e+02
2.770000000000000000e+02
2.790000000000000000e+02
2.870000000000000000e+02
2.890000000000000000e+02
3.080000000000000000e+02
3.210000000000000000e+02
3.330000000000000000e+02
3.490000000000000000e+02
3.520000000000000000e+02
3.710000000000000000e+02
4.010000000000000000e+02
4.050000000000000000e+02
4.440000000000000000e+02
4.870000000000000000e+02
5.030000000000000000e+02
5.140000000000000000e+02
5.200000000000000000e+02
5.250000000000000000e+02
5.420000000000000000e+02
5.470000000000000000e+02
5.550000000000000000e+02
5.890000000000000000e+02
6.130000000000000000e+02
6.250000000000000000e+02
6.360000000000000000e+02
6.450000000000000000e+02
6.470000000000000000e+02
6.760000000000000000e+02
7.400000000000000000e+02
7.480000000000000000e+02
7.490000000000000000e+02
7.530000000000000000e+02
7.730000000000000000e+02
7.850000000000000000e+02
7.860000000000000000e+02
7.980000000000000000e+02
7.990000000000000000e+02
8.030000000000000000e+02
8.200000000000000000e+02
8.210000000000000000e+02
8.220000000000000000e+02
8.260000000000000000e+02
8.310000000000000000e+02
8.700000000000000000e+02
8.740000000000000000e+02
8.880000000000000000e+02
8.910000000000000000e+02
8.950000000000000000e+02
9.020000000000000000e+02
9.080000000000000000e+02
9.090000000000000000e+02
9.450000000000000000e+02
9.540000000000000000e+02
9.710000000000000000e+02
9.750000000000000000e+02
1.022000000000000000e+03
1.037000000000000000e+03
1.040000000000000000e+03
1.044000000000000000e+03
1.096000000000000000e+03
1.121000000000000000e+03
1.122000000000000000e+03
1.123000000000000000e+03
1.129000000000000000e+03
1.150000000000000000e+03
1.160000000000000000e+03
1.163000000000000000e+03
1.176000000000000000e+03
1.184000000000000000e+03
1.232000000000000000e+03
1.241000000000000000e+03
1.248000000000000000e+03
1.256000000000000000e+03
1.260000000000000000e+03
1.273000000000000000e+03
1.305000000000000000e+03
1.309000000000000000e+03
1.312000000000000000e+03
