5.500000000000000000e+01
7.000000000000000000e+01
9.400000000000000000e+01
1.000000000000000000e+02
1.060000000000000000e+02
1.230000000000000000e+02
1.250000000000000000e+02
1.510000000000000000e+02
1.540000000000000000e+02
1.770000000000000000e+02
1.860000000000000000e+02
1.930000000000000000e+02
2.030000000000000000e+02
2.100000000000000000e+02
2.140000000000000000e+02
2.260000000000000000e+02
2.400000000000000000e+02
2.470000000000000000e+02
2.610000000000000000e+02
2.810000000000000000e+02
3.040000000000000000e+02
3.090000000000000000e+02
3.130000000000000000e+02
3.220000000000000000e+02
3.260000000000000000e+02
3.370000000000000000e+02
3.430000000000000000e+02
3.520000000000000000e+02
3.610000000000000000e+02
3.740000000000000000e+02
3.880000000000000000e+02
4.120000000000000000e+02
4.160000000000000000e+02
4.460000000000000000e+02
4.570000000000000000e+02
4.770000000000000000e+02
4.830000000000000000e+02
4.960000000000000000e+02
5.070000000000000000e+02
5.190000000000000000e+02
5.210000000000000000e+02
5.250000000000000000e+02
5.830000000000000000e+02
5.860000000000000000e+02
5.910000000000000000e+02
5.940000000000000000e+02
6.440000000000000000e+02
6.610000000000000000e+02
6.630000000000000000e+02
6.650000000000000000e+02
6.700000000000000000e+02
6.900000000000000000e+02
6.930000000000000000e+02
7.390000000000000000e+02
7.520000000000000000e+02
7.580000000000000000e+02
7.730000000000000000e+02
7.810000000000000000e+02
7.820000000000000000e+02
7.940000000000000000e+02
7.970000000000000000e+02
8.100000000000000000e+02
8.220000000000000000e+02
8.510000000000000000e+02
8.710000000000000000e+02
8.750000000000000000e+02
8.880000000000000000e+02
8.930000000000000000e+02
9.000000000000000000e+02
9.220000000000000000e+02
9.660000000000000000e+02
9.710000000000000000e+02
9.910000000000000000e+02
9.930000000000000000e+02
9.950000000000000000e+02
1.000000000000000000e+03
1.006000000000000000e+03
1.008000000000000000e+03
1.040000000000000000e+03
1.054000000000000000e+03
1.068000000000000000e+03
1.082000000000000000e+03
1.092000000000000000e+03
1.121000000000000000e+03
1.129000000000000000e+03
1.141000000000000000e+03
1.147000000000000000e+03
1.156000000000000000e+03
1.174000000000000000e+03
1.195000000000000000e+03
1.205000000000000000e+03
1.219000000000000000e+03
1.240000000000000000e+03
1.241000000000000000e+03
1.245000000000000000e+03
1.248000000000000000e+03
1.272000000000000000e+03
1.294000000000000000e+03
1.305000000000000000e+03
1.306000000000000000e+03
