2.600000000000000000e+01
7.900000000000000000e+01
1.080000000000000000e+02
1.180000000000000000e+02
1.380000000000000000e+02
1.430000000000000000e+02
1.470000000000000000e+02
1.680000000000000000e+02
1.730000000000000000e+02
1.740000000000000000e+02
1.800000000000000000e+02
1.980000000000000000e+02
2.030000000000000000e+02
2.070000000000000000e+02
2.180000000000000000e+02
2.600000000000000000e+02
3.060000000000000000e+02
3.120000000000000000e+02
3.190000000000000000e+02
3.200000000000000000e+02
3.450000000000000000e+02
3.580000000000000000e+02
3.870000000000000000e+02
3.910000000000000000e+02
4.150000000000000000e+02
4.240000000000000000e+02
4.290000000000000000e+02
4.530000000000000000e+02
4.570000000000000000e+02
4.620000000000000000e+02
4.820000000000000000e+02
5.170000000000000000e+02
5.180000000000000000e+02
5.360000000000000000e+02
5.550000000000000000e+02
5.570000000000000000e+02
5.650000000000000000e+02
5.950000000000000000e+02
5.970000000000000000e+02
6.020000000000000000e+02
6.160000000000000000e+02
6.190000000000000000e+02
6.370000000000000000e+02
6.390000000000000000e+02
6.410000000000000000e+02
6.590000000000000000e+02
6.790000000000000000e+02
6.890000000000000000e+02
7.020000000000000000e+02
7.090000000000000000e+02
7.100000000000000000e+02
7.160000000000000000e+02
7.500000000000000000e+02
7.520000000000000000e+02
7.600000000000000000e+02
8.210000000000000000e+02
8.320000000000000000e+02
8.390000000000000000e+02
8.480000000000000000e+02
8.630000000000000000e+02
8.660000000000000000e+02
8.700000000000000000e+02
8.800000000000000000e+02
8.820000000000000000e+02
9.030000000000000000e+02
9.080000000000000000e+02
9.140000000000000000e+02
9.460000000000000000e+02
9.510000000000000000e+02
9.550000000000000000e+02
9.880000000000000000e+02
9.900000000000000000e+02
9.960000000000000000e+02
1.002000000000000000e+03
1.022000000000000000e+03
1.041000000000000000e+03
1.051000000000000000e+03
1.059000000000000000e+03
1.095000000000000000e+03
1.106000000000000000e+03
1.124000000000000000e+03
1.132000000000000000e+03
1.156000000000000000e+03
1.160000000000000000e+03
1.182000000000000000e+03
1.194000000000000000e+03
1.206000000000000000e+03
1.211000000000000000e+03
1.212000000000000000e+03
1.221000000000000000e+03
1.226000000000000000e+03
1.227000000000000000e+03
1.243000000000000000e+03
1.244000000000000000e+03
1.251000000000000000e+03
1.278000000000000000e+03
1.289000000000000000e+03
1.292000000000000000e+03
1.298000000000000000e+03
1.318000000000000000e+03
