1.100000000000000000e+01
1.300000000000000000e+01
1.700000000000000000e+01
2.100000000000000000e+01
2.900000000000000000e+01
3.100000000000000000e+01
3.400000000000000000e+01
4.000000000000000000e+01
4.200000000000000000e+01
4.600000000000000000e+01
4.800000000000000000e+01
5.200000000000000000e+01
5.800000000000000000e+01
6.000000000000000000e+01
6.100000000000000000e+01
6.300000000000000000e+01
6.800000000000000000e+01
7.100000000000000000e+01
7.600000000000000000e+01
8.900000000000000000e+01
9.400000000000000000e+01
1.060000000000000000e+02
1.140000000000000000e+02
1.190000000000000000e+02
1.200000000000000000e+02
1.220000000000000000e+02
1.240000000000000000e+02
1.290000000000000000e+02
1.350000000000000000e+02
1.500000000000000000e+02
1.560000000000000000e+02
1.580000000000000000e+02
1.670000000000000000e+02
1.770000000000000000e+02
1.850000000000000000e+02
1.910000000000000000e+02
2.010000000000000000e+02
2.040000000000000000e+02
2.100000000000000000e+02
2.130000000000000000e+02
2.170000000000000000e+02
2.220000000000000000e+02
2.330000000000000000e+02
2.360000000000000000e+02
2.390000000000000000e+02
2.400000000000000000e+02
2.410000000000000000e+02
2.440000000000000000e+02
2.480000000000000000e+02
2.600000000000000000e+02
2.810000000000000000e+02
2.820000000000000000e+02
3.110000000000000000e+02
3.170000000000000000e+02
3.400000000000000000e+02
3.460000000000000000e+02
3.480000000000000000e+02
3.570000000000000000e+02
3.580000000000000000e+02
3.660000000000000000e+02
3.740000000000000000e+02
3.750000000000000000e+02
3.770000000000000000e+02
3.820000000000000000e+02
3.830000000000000000e+02
3.920000000000000000e+02
3.960000000000000000e+02
4.030000000000000000e+02
4.060000000000000000e+02
4.170000000000000000e+02
4.420000000000000000e+02
4.520000000000000000e+02
4.530000000000000000e+02
4.630000000000000000e+02
4.730000000000000000e+02
4.780000000000000000e+02
4.820000000000000000e+02
4.830000000000000000e+02
4.880000000000000000e+02
4.990000000000000000e+02
5.030000000000000000e+02
5.110000000000000000e+02
5.180000000000000000e+02
5.200000000000000000e+02
5.330000000000000000e+02
5.480000000000000000e+02
5.580000000000000000e+02
5.610000000000000000e+02
5.660000000000000000e+02
5.830000000000000000e+02
5.860000000000000000e+02
5.880000000000000000e+02
6.010000000000000000e+02
6.110000000000000000e+02
6.140000000000000000e+02
6.210000000000000000e+02
6.240000000000000000e+02
6.600000000000000000e+02
6.620000000000000000e+02
6.820000000000000000e+02
